9.360000000000000000e+02
9.240000000000000000e+02
9.060000000000000000e+02
8.610000000000000000e+02
8.230000000000000000e+02
7.840000000000000000e+02
7.020000000000000000e+02
6.350000000000000000e+02
5.290000000000000000e+02
4.720000000000000000e+02
3.960000000000000000e+02
3.150000000000000000e+02
2.300000000000000000e+02
2.010000000000000000e+02
1.500000000000000000e+02
1.280000000000000000e+02
1.100000000000000000e+02
1.050000000000000000e+02
1.150000000000000000e+02
1.660000000000000000e+02
1.870000000000000000e+02
2.480000000000000000e+02
3.150000000000000000e+02
3.870000000000000000e+02
4.670000000000000000e+02
5.420000000000000000e+02
6.140000000000000000e+02
6.720000000000000000e+02
7.690000000000000000e+02
8.100000000000000000e+02
8.630000000000000000e+02
8.930000000000000000e+02
9.320000000000000000e+02
9.480000000000000000e+02
9.210000000000000000e+02
9.150000000000000000e+02
8.840000000000000000e+02
8.240000000000000000e+02
7.690000000000000000e+02
6.900000000000000000e+02
6.390000000000000000e+02
5.250000000000000000e+02
4.600000000000000000e+02
3.610000000000000000e+02
2.950000000000000000e+02
2.340000000000000000e+02
1.710000000000000000e+02
1.540000000000000000e+02
1.410000000000000000e+02
1.010000000000000000e+02
9.200000000000000000e+01
1.300000000000000000e+02
1.450000000000000000e+02
2.040000000000000000e+02
2.440000000000000000e+02
3.240000000000000000e+02
4.340000000000000000e+02
4.780000000000000000e+02
5.430000000000000000e+02
6.110000000000000000e+02
6.920000000000000000e+02
7.680000000000000000e+02
8.300000000000000000e+02
8.790000000000000000e+02
9.180000000000000000e+02
9.260000000000000000e+02
9.480000000000000000e+02
9.330000000000000000e+02
8.900000000000000000e+02
8.770000000000000000e+02
8.450000000000000000e+02
7.480000000000000000e+02
6.840000000000000000e+02
6.360000000000000000e+02
5.460000000000000000e+02
4.480000000000000000e+02
3.560000000000000000e+02
3.290000000000000000e+02
2.300000000000000000e+02
1.960000000000000000e+02
1.500000000000000000e+02
1.210000000000000000e+02
1.060000000000000000e+02
1.070000000000000000e+02
1.120000000000000000e+02
1.460000000000000000e+02
1.920000000000000000e+02
2.400000000000000000e+02
3.250000000000000000e+02
3.820000000000000000e+02
4.900000000000000000e+02
5.540000000000000000e+02
6.030000000000000000e+02
7.160000000000000000e+02
7.600000000000000000e+02
8.090000000000000000e+02
8.450000000000000000e+02
9.130000000000000000e+02
9.440000000000000000e+02
9.430000000000000000e+02
