8.800000000000000000e+01
1.000000000000000000e+02
1.180000000000000000e+02
1.630000000000000000e+02
2.010000000000000000e+02
2.400000000000000000e+02
3.220000000000000000e+02
3.890000000000000000e+02
4.950000000000000000e+02
5.520000000000000000e+02
6.280000000000000000e+02
7.090000000000000000e+02
7.940000000000000000e+02
8.230000000000000000e+02
8.740000000000000000e+02
8.960000000000000000e+02
9.140000000000000000e+02
9.190000000000000000e+02
9.090000000000000000e+02
8.580000000000000000e+02
8.370000000000000000e+02
7.760000000000000000e+02
7.090000000000000000e+02
6.370000000000000000e+02
5.570000000000000000e+02
4.820000000000000000e+02
4.100000000000000000e+02
3.520000000000000000e+02
2.550000000000000000e+02
2.140000000000000000e+02
1.610000000000000000e+02
1.310000000000000000e+02
9.200000000000000000e+01
7.600000000000000000e+01
1.030000000000000000e+02
1.090000000000000000e+02
1.400000000000000000e+02
2.000000000000000000e+02
2.550000000000000000e+02
3.340000000000000000e+02
3.850000000000000000e+02
4.990000000000000000e+02
5.640000000000000000e+02
6.630000000000000000e+02
7.290000000000000000e+02
7.900000000000000000e+02
8.530000000000000000e+02
8.700000000000000000e+02
8.830000000000000000e+02
9.230000000000000000e+02
9.320000000000000000e+02
8.940000000000000000e+02
8.790000000000000000e+02
8.200000000000000000e+02
7.800000000000000000e+02
7.000000000000000000e+02
5.900000000000000000e+02
5.460000000000000000e+02
4.810000000000000000e+02
4.130000000000000000e+02
3.320000000000000000e+02
2.560000000000000000e+02
1.940000000000000000e+02
1.450000000000000000e+02
1.060000000000000000e+02
9.800000000000000000e+01
7.600000000000000000e+01
9.100000000000000000e+01
1.340000000000000000e+02
1.470000000000000000e+02
1.790000000000000000e+02
2.760000000000000000e+02
3.400000000000000000e+02
3.880000000000000000e+02
4.780000000000000000e+02
5.760000000000000000e+02
6.680000000000000000e+02
6.950000000000000000e+02
7.940000000000000000e+02
8.280000000000000000e+02
8.740000000000000000e+02
9.030000000000000000e+02
9.180000000000000000e+02
9.170000000000000000e+02
9.120000000000000000e+02
8.780000000000000000e+02
8.320000000000000000e+02
7.840000000000000000e+02
6.990000000000000000e+02
6.420000000000000000e+02
5.340000000000000000e+02
4.700000000000000000e+02
4.210000000000000000e+02
3.080000000000000000e+02
2.640000000000000000e+02
2.150000000000000000e+02
1.790000000000000000e+02
1.110000000000000000e+02
8.000000000000000000e+01
8.100000000000000000e+01
