6.650000000000000000e+02 3.590000000000000000e+02
6.900000000000000000e+02 3.340000000000000000e+02
7.050000000000000000e+02 3.190000000000000000e+02
6.650000000000000000e+02 3.590000000000000000e+02
6.200000000000000000e+02 4.040000000000000000e+02
5.850000000000000000e+02 4.390000000000000000e+02
5.810000000000000000e+02 4.430000000000000000e+02
4.930000000000000000e+02 5.310000000000000000e+02
4.550000000000000000e+02 5.690000000000000000e+02
4.720000000000000000e+02 5.520000000000000000e+02
4.110000000000000000e+02 6.130000000000000000e+02
3.950000000000000000e+02 6.290000000000000000e+02
3.760000000000000000e+02 6.480000000000000000e+02
3.730000000000000000e+02 6.510000000000000000e+02
3.630000000000000000e+02 6.610000000000000000e+02
4.110000000000000000e+02 6.130000000000000000e+02
3.940000000000000000e+02 6.300000000000000000e+02
4.010000000000000000e+02 6.230000000000000000e+02
4.890000000000000000e+02 5.350000000000000000e+02
5.110000000000000000e+02 5.130000000000000000e+02
5.640000000000000000e+02 4.600000000000000000e+02
6.120000000000000000e+02 4.120000000000000000e+02
6.490000000000000000e+02 3.750000000000000000e+02
6.740000000000000000e+02 3.500000000000000000e+02
6.910000000000000000e+02 3.330000000000000000e+02
7.120000000000000000e+02 3.120000000000000000e+02
6.780000000000000000e+02 3.460000000000000000e+02
6.960000000000000000e+02 3.280000000000000000e+02
6.570000000000000000e+02 3.670000000000000000e+02
6.390000000000000000e+02 3.850000000000000000e+02
5.630000000000000000e+02 4.610000000000000000e+02
5.540000000000000000e+02 4.700000000000000000e+02
5.280000000000000000e+02 4.960000000000000000e+02
4.530000000000000000e+02 5.710000000000000000e+02
4.320000000000000000e+02 5.920000000000000000e+02
3.700000000000000000e+02 6.540000000000000000e+02
3.580000000000000000e+02 6.660000000000000000e+02
3.510000000000000000e+02 6.730000000000000000e+02
3.550000000000000000e+02 6.690000000000000000e+02
4.030000000000000000e+02 6.210000000000000000e+02
3.750000000000000000e+02 6.490000000000000000e+02
4.170000000000000000e+02 6.070000000000000000e+02
4.540000000000000000e+02 5.700000000000000000e+02
5.090000000000000000e+02 5.150000000000000000e+02
5.590000000000000000e+02 4.650000000000000000e+02
5.730000000000000000e+02 4.510000000000000000e+02
5.980000000000000000e+02 4.260000000000000000e+02
6.830000000000000000e+02 3.410000000000000000e+02
6.710000000000000000e+02 3.530000000000000000e+02
6.890000000000000000e+02 3.350000000000000000e+02
