7.760000000000000000e+02 2.480000000000000000e+02
7.490000000000000000e+02 2.750000000000000000e+02
7.480000000000000000e+02 2.760000000000000000e+02
7.180000000000000000e+02 3.060000000000000000e+02
6.630000000000000000e+02 3.610000000000000000e+02
6.360000000000000000e+02 3.880000000000000000e+02
5.560000000000000000e+02 4.680000000000000000e+02
4.990000000000000000e+02 5.250000000000000000e+02
4.230000000000000000e+02 6.010000000000000000e+02
3.890000000000000000e+02 6.350000000000000000e+02
3.510000000000000000e+02 6.730000000000000000e+02
3.110000000000000000e+02 7.130000000000000000e+02
3.220000000000000000e+02 7.020000000000000000e+02
3.090000000000000000e+02 7.150000000000000000e+02
3.210000000000000000e+02 7.030000000000000000e+02
3.590000000000000000e+02 6.650000000000000000e+02
3.810000000000000000e+02 6.430000000000000000e+02
3.910000000000000000e+02 6.330000000000000000e+02
4.790000000000000000e+02 5.450000000000000000e+02
5.390000000000000000e+02 4.850000000000000000e+02
5.960000000000000000e+02 4.280000000000000000e+02
6.540000000000000000e+02 3.700000000000000000e+02
6.880000000000000000e+02 3.360000000000000000e+02
7.570000000000000000e+02 2.670000000000000000e+02
7.690000000000000000e+02 2.550000000000000000e+02
7.660000000000000000e+02 2.580000000000000000e+02
7.530000000000000000e+02 2.710000000000000000e+02
7.510000000000000000e+02 2.730000000000000000e+02
7.140000000000000000e+02 3.100000000000000000e+02
6.590000000000000000e+02 3.650000000000000000e+02
5.930000000000000000e+02 4.310000000000000000e+02
5.650000000000000000e+02 4.590000000000000000e+02
4.660000000000000000e+02 5.580000000000000000e+02
4.120000000000000000e+02 6.120000000000000000e+02
3.500000000000000000e+02 6.740000000000000000e+02
3.280000000000000000e+02 6.960000000000000000e+02
3.250000000000000000e+02 6.990000000000000000e+02
2.790000000000000000e+02 7.450000000000000000e+02
2.830000000000000000e+02 7.410000000000000000e+02
3.160000000000000000e+02 7.080000000000000000e+02
3.490000000000000000e+02 6.750000000000000000e+02
3.800000000000000000e+02 6.440000000000000000e+02
4.600000000000000000e+02 5.640000000000000000e+02
5.190000000000000000e+02 5.050000000000000000e+02
5.750000000000000000e+02 4.490000000000000000e+02
6.130000000000000000e+02 4.110000000000000000e+02
6.580000000000000000e+02 3.660000000000000000e+02
7.110000000000000000e+02 3.130000000000000000e+02
7.320000000000000000e+02 2.920000000000000000e+02
7.590000000000000000e+02 2.650000000000000000e+02
