8.240000000000000000e+02 2.000000000000000000e+02
7.970000000000000000e+02 2.270000000000000000e+02
8.090000000000000000e+02 2.150000000000000000e+02
8.120000000000000000e+02 2.120000000000000000e+02
7.120000000000000000e+02 3.120000000000000000e+02
6.270000000000000000e+02 3.970000000000000000e+02
5.880000000000000000e+02 4.360000000000000000e+02
4.610000000000000000e+02 5.630000000000000000e+02
4.130000000000000000e+02 6.110000000000000000e+02
3.640000000000000000e+02 6.600000000000000000e+02
3.120000000000000000e+02 7.120000000000000000e+02
2.520000000000000000e+02 7.720000000000000000e+02
2.400000000000000000e+02 7.840000000000000000e+02
2.270000000000000000e+02 7.970000000000000000e+02
2.470000000000000000e+02 7.770000000000000000e+02
3.010000000000000000e+02 7.230000000000000000e+02
3.500000000000000000e+02 6.740000000000000000e+02
4.200000000000000000e+02 6.040000000000000000e+02
4.780000000000000000e+02 5.460000000000000000e+02
5.590000000000000000e+02 4.650000000000000000e+02
6.350000000000000000e+02 3.890000000000000000e+02
6.940000000000000000e+02 3.300000000000000000e+02
7.520000000000000000e+02 2.720000000000000000e+02
7.960000000000000000e+02 2.280000000000000000e+02
8.580000000000000000e+02 1.660000000000000000e+02
8.270000000000000000e+02 1.970000000000000000e+02
8.160000000000000000e+02 2.080000000000000000e+02
7.840000000000000000e+02 2.400000000000000000e+02
7.550000000000000000e+02 2.690000000000000000e+02
6.500000000000000000e+02 3.740000000000000000e+02
6.250000000000000000e+02 3.990000000000000000e+02
5.260000000000000000e+02 4.980000000000000000e+02
4.310000000000000000e+02 5.930000000000000000e+02
3.640000000000000000e+02 6.600000000000000000e+02
3.130000000000000000e+02 7.110000000000000000e+02
2.770000000000000000e+02 7.470000000000000000e+02
2.400000000000000000e+02 7.840000000000000000e+02
2.510000000000000000e+02 7.730000000000000000e+02
2.140000000000000000e+02 8.100000000000000000e+02
2.400000000000000000e+02 7.840000000000000000e+02
3.200000000000000000e+02 7.040000000000000000e+02
3.770000000000000000e+02 6.470000000000000000e+02
4.430000000000000000e+02 5.810000000000000000e+02
5.430000000000000000e+02 4.810000000000000000e+02
6.210000000000000000e+02 4.030000000000000000e+02
6.760000000000000000e+02 3.480000000000000000e+02
7.180000000000000000e+02 3.060000000000000000e+02
7.600000000000000000e+02 2.640000000000000000e+02
8.260000000000000000e+02 1.980000000000000000e+02
8.360000000000000000e+02 1.880000000000000000e+02
