1.019000000000000000e+03 5.000000000000000000e+00
1.011000000000000000e+03 1.300000000000000000e+01
9.730000000000000000e+02 5.100000000000000000e+01
9.070000000000000000e+02 1.170000000000000000e+02
8.270000000000000000e+02 1.970000000000000000e+02
7.390000000000000000e+02 2.850000000000000000e+02
5.780000000000000000e+02 4.460000000000000000e+02
4.710000000000000000e+02 5.530000000000000000e+02
3.350000000000000000e+02 6.890000000000000000e+02
2.490000000000000000e+02 7.750000000000000000e+02
1.640000000000000000e+02 8.600000000000000000e+02
6.700000000000000000e+01 9.570000000000000000e+02
5.300000000000000000e+01 9.710000000000000000e+02
5.000000000000000000e+01 9.740000000000000000e+02
8.100000000000000000e+01 9.430000000000000000e+02
1.290000000000000000e+02 8.950000000000000000e+02
2.380000000000000000e+02 7.860000000000000000e+02
3.380000000000000000e+02 6.860000000000000000e+02
4.670000000000000000e+02 5.570000000000000000e+02
5.690000000000000000e+02 4.550000000000000000e+02
6.790000000000000000e+02 3.450000000000000000e+02
8.090000000000000000e+02 2.150000000000000000e+02
9.120000000000000000e+02 1.120000000000000000e+02
9.650000000000000000e+02 5.900000000000000000e+01
1.006000000000000000e+03 1.800000000000000000e+01
1.023000000000000000e+03 1.000000000000000000e+00
9.990000000000000000e+02 2.500000000000000000e+01
9.540000000000000000e+02 7.000000000000000000e+01
8.530000000000000000e+02 1.710000000000000000e+02
7.480000000000000000e+02 2.760000000000000000e+02
6.180000000000000000e+02 4.060000000000000000e+02
5.530000000000000000e+02 4.710000000000000000e+02
3.670000000000000000e+02 6.570000000000000000e+02
2.860000000000000000e+02 7.380000000000000000e+02
1.760000000000000000e+02 8.480000000000000000e+02
1.430000000000000000e+02 8.810000000000000000e+02
7.600000000000000000e+01 9.480000000000000000e+02
9.200000000000000000e+01 9.320000000000000000e+02
8.600000000000000000e+01 9.380000000000000000e+02
1.280000000000000000e+02 8.960000000000000000e+02
1.880000000000000000e+02 8.360000000000000000e+02
3.170000000000000000e+02 7.070000000000000000e+02
4.040000000000000000e+02 6.200000000000000000e+02
5.050000000000000000e+02 5.190000000000000000e+02
6.480000000000000000e+02 3.760000000000000000e+02
7.770000000000000000e+02 2.470000000000000000e+02
8.760000000000000000e+02 1.480000000000000000e+02
9.310000000000000000e+02 9.300000000000000000e+01
9.900000000000000000e+02 3.400000000000000000e+01
1.016000000000000000e+03 8.000000000000000000e+00
