9.900000000000000000e+02 3.400000000000000000e+01
9.630000000000000000e+02 6.100000000000000000e+01
9.210000000000000000e+02 1.030000000000000000e+02
8.680000000000000000e+02 1.560000000000000000e+02
7.580000000000000000e+02 2.660000000000000000e+02
6.650000000000000000e+02 3.590000000000000000e+02
5.610000000000000000e+02 4.630000000000000000e+02
4.300000000000000000e+02 5.940000000000000000e+02
3.300000000000000000e+02 6.940000000000000000e+02
2.370000000000000000e+02 7.870000000000000000e+02
1.480000000000000000e+02 8.760000000000000000e+02
1.090000000000000000e+02 9.150000000000000000e+02
9.700000000000000000e+01 9.270000000000000000e+02
8.300000000000000000e+01 9.410000000000000000e+02
1.410000000000000000e+02 8.830000000000000000e+02
1.960000000000000000e+02 8.280000000000000000e+02
2.830000000000000000e+02 7.410000000000000000e+02
3.970000000000000000e+02 6.270000000000000000e+02
4.570000000000000000e+02 5.670000000000000000e+02
5.840000000000000000e+02 4.400000000000000000e+02
7.020000000000000000e+02 3.220000000000000000e+02
7.800000000000000000e+02 2.440000000000000000e+02
8.990000000000000000e+02 1.250000000000000000e+02
9.460000000000000000e+02 7.800000000000000000e+01
9.820000000000000000e+02 4.200000000000000000e+01
9.750000000000000000e+02 4.900000000000000000e+01
9.640000000000000000e+02 6.000000000000000000e+01
9.060000000000000000e+02 1.180000000000000000e+02
8.070000000000000000e+02 2.170000000000000000e+02
7.060000000000000000e+02 3.180000000000000000e+02
6.350000000000000000e+02 3.890000000000000000e+02
4.830000000000000000e+02 5.410000000000000000e+02
3.910000000000000000e+02 6.330000000000000000e+02
2.850000000000000000e+02 7.390000000000000000e+02
1.970000000000000000e+02 8.270000000000000000e+02
1.440000000000000000e+02 8.800000000000000000e+02
1.130000000000000000e+02 9.110000000000000000e+02
7.900000000000000000e+01 9.450000000000000000e+02
1.220000000000000000e+02 9.020000000000000000e+02
1.570000000000000000e+02 8.670000000000000000e+02
2.160000000000000000e+02 8.080000000000000000e+02
3.240000000000000000e+02 7.000000000000000000e+02
4.250000000000000000e+02 5.990000000000000000e+02
5.340000000000000000e+02 4.900000000000000000e+02
6.330000000000000000e+02 3.910000000000000000e+02
7.450000000000000000e+02 2.790000000000000000e+02
8.410000000000000000e+02 1.830000000000000000e+02
9.030000000000000000e+02 1.210000000000000000e+02
9.540000000000000000e+02 7.000000000000000000e+01
9.830000000000000000e+02 4.100000000000000000e+01
