6.020000000000000000e+02 4.220000000000000000e+02
6.400000000000000000e+02 3.840000000000000000e+02
6.200000000000000000e+02 4.040000000000000000e+02
6.200000000000000000e+02 4.040000000000000000e+02
6.120000000000000000e+02 4.120000000000000000e+02
5.680000000000000000e+02 4.560000000000000000e+02
5.600000000000000000e+02 4.640000000000000000e+02
5.410000000000000000e+02 4.830000000000000000e+02
5.520000000000000000e+02 4.720000000000000000e+02
5.080000000000000000e+02 5.160000000000000000e+02
5.040000000000000000e+02 5.200000000000000000e+02
4.650000000000000000e+02 5.590000000000000000e+02
4.560000000000000000e+02 5.680000000000000000e+02
4.200000000000000000e+02 6.040000000000000000e+02
4.140000000000000000e+02 6.100000000000000000e+02
4.580000000000000000e+02 5.660000000000000000e+02
4.590000000000000000e+02 5.650000000000000000e+02
4.580000000000000000e+02 5.660000000000000000e+02
4.820000000000000000e+02 5.420000000000000000e+02
4.950000000000000000e+02 5.290000000000000000e+02
5.340000000000000000e+02 4.900000000000000000e+02
5.580000000000000000e+02 4.660000000000000000e+02
5.480000000000000000e+02 4.760000000000000000e+02
5.650000000000000000e+02 4.590000000000000000e+02
5.910000000000000000e+02 4.330000000000000000e+02
6.140000000000000000e+02 4.100000000000000000e+02
6.290000000000000000e+02 3.950000000000000000e+02
6.070000000000000000e+02 4.170000000000000000e+02
6.010000000000000000e+02 4.230000000000000000e+02
5.850000000000000000e+02 4.390000000000000000e+02
5.650000000000000000e+02 4.590000000000000000e+02
5.840000000000000000e+02 4.400000000000000000e+02
5.280000000000000000e+02 4.960000000000000000e+02
5.080000000000000000e+02 5.160000000000000000e+02
5.240000000000000000e+02 5.000000000000000000e+02
4.640000000000000000e+02 5.600000000000000000e+02
4.690000000000000000e+02 5.550000000000000000e+02
4.450000000000000000e+02 5.790000000000000000e+02
4.220000000000000000e+02 6.020000000000000000e+02
4.430000000000000000e+02 5.810000000000000000e+02
4.530000000000000000e+02 5.710000000000000000e+02
4.650000000000000000e+02 5.590000000000000000e+02
4.970000000000000000e+02 5.270000000000000000e+02
5.170000000000000000e+02 5.070000000000000000e+02
4.950000000000000000e+02 5.290000000000000000e+02
5.400000000000000000e+02 4.840000000000000000e+02
5.920000000000000000e+02 4.320000000000000000e+02
5.680000000000000000e+02 4.560000000000000000e+02
5.900000000000000000e+02 4.340000000000000000e+02
6.060000000000000000e+02 4.180000000000000000e+02
