1.003000000000000000e+03 2.100000000000000000e+01
9.910000000000000000e+02 3.300000000000000000e+01
9.440000000000000000e+02 8.000000000000000000e+01
8.620000000000000000e+02 1.620000000000000000e+02
7.740000000000000000e+02 2.500000000000000000e+02
6.990000000000000000e+02 3.250000000000000000e+02
5.590000000000000000e+02 4.650000000000000000e+02
4.620000000000000000e+02 5.620000000000000000e+02
3.590000000000000000e+02 6.650000000000000000e+02
2.590000000000000000e+02 7.650000000000000000e+02
1.900000000000000000e+02 8.340000000000000000e+02
1.110000000000000000e+02 9.130000000000000000e+02
1.020000000000000000e+02 9.220000000000000000e+02
1.090000000000000000e+02 9.150000000000000000e+02
1.320000000000000000e+02 8.920000000000000000e+02
2.090000000000000000e+02 8.150000000000000000e+02
2.940000000000000000e+02 7.300000000000000000e+02
3.650000000000000000e+02 6.590000000000000000e+02
5.020000000000000000e+02 5.220000000000000000e+02
6.090000000000000000e+02 4.150000000000000000e+02
7.330000000000000000e+02 2.910000000000000000e+02
8.370000000000000000e+02 1.870000000000000000e+02
8.940000000000000000e+02 1.300000000000000000e+02
9.720000000000000000e+02 5.200000000000000000e+01
9.930000000000000000e+02 3.100000000000000000e+01
9.870000000000000000e+02 3.700000000000000000e+01
9.660000000000000000e+02 5.800000000000000000e+01
8.990000000000000000e+02 1.250000000000000000e+02
8.430000000000000000e+02 1.810000000000000000e+02
7.410000000000000000e+02 2.830000000000000000e+02
6.380000000000000000e+02 3.860000000000000000e+02
5.360000000000000000e+02 4.880000000000000000e+02
4.210000000000000000e+02 6.030000000000000000e+02
2.710000000000000000e+02 7.530000000000000000e+02
1.960000000000000000e+02 8.280000000000000000e+02
1.390000000000000000e+02 8.850000000000000000e+02
8.500000000000000000e+01 9.390000000000000000e+02
7.300000000000000000e+01 9.510000000000000000e+02
9.700000000000000000e+01 9.270000000000000000e+02
1.380000000000000000e+02 8.860000000000000000e+02
2.210000000000000000e+02 8.030000000000000000e+02
2.880000000000000000e+02 7.360000000000000000e+02
4.500000000000000000e+02 5.740000000000000000e+02
5.380000000000000000e+02 4.860000000000000000e+02
6.420000000000000000e+02 3.820000000000000000e+02
7.650000000000000000e+02 2.590000000000000000e+02
8.530000000000000000e+02 1.710000000000000000e+02
9.570000000000000000e+02 6.700000000000000000e+01
9.790000000000000000e+02 4.500000000000000000e+01
1.002000000000000000e+03 2.200000000000000000e+01
