9.380000000000000000e+02 8.600000000000000000e+01
9.200000000000000000e+02 1.040000000000000000e+02
8.960000000000000000e+02 1.280000000000000000e+02
8.620000000000000000e+02 1.620000000000000000e+02
7.320000000000000000e+02 2.920000000000000000e+02
6.790000000000000000e+02 3.450000000000000000e+02
5.860000000000000000e+02 4.380000000000000000e+02
4.330000000000000000e+02 5.910000000000000000e+02
3.770000000000000000e+02 6.470000000000000000e+02
2.580000000000000000e+02 7.660000000000000000e+02
2.250000000000000000e+02 7.990000000000000000e+02
1.610000000000000000e+02 8.630000000000000000e+02
1.330000000000000000e+02 8.910000000000000000e+02
1.420000000000000000e+02 8.820000000000000000e+02
1.840000000000000000e+02 8.400000000000000000e+02
2.170000000000000000e+02 8.070000000000000000e+02
2.710000000000000000e+02 7.530000000000000000e+02
3.650000000000000000e+02 6.590000000000000000e+02
4.730000000000000000e+02 5.510000000000000000e+02
6.090000000000000000e+02 4.150000000000000000e+02
6.800000000000000000e+02 3.440000000000000000e+02
7.780000000000000000e+02 2.460000000000000000e+02
8.320000000000000000e+02 1.920000000000000000e+02
9.120000000000000000e+02 1.120000000000000000e+02
9.240000000000000000e+02 1.000000000000000000e+02
9.450000000000000000e+02 7.900000000000000000e+01
9.350000000000000000e+02 8.900000000000000000e+01
8.640000000000000000e+02 1.600000000000000000e+02
8.200000000000000000e+02 2.040000000000000000e+02
7.130000000000000000e+02 3.110000000000000000e+02
6.090000000000000000e+02 4.150000000000000000e+02
5.120000000000000000e+02 5.120000000000000000e+02
4.140000000000000000e+02 6.100000000000000000e+02
3.240000000000000000e+02 7.000000000000000000e+02
2.250000000000000000e+02 7.990000000000000000e+02
1.840000000000000000e+02 8.400000000000000000e+02
1.490000000000000000e+02 8.750000000000000000e+02
1.340000000000000000e+02 8.900000000000000000e+02
1.400000000000000000e+02 8.840000000000000000e+02
2.010000000000000000e+02 8.230000000000000000e+02
2.910000000000000000e+02 7.330000000000000000e+02
3.720000000000000000e+02 6.520000000000000000e+02
4.340000000000000000e+02 5.900000000000000000e+02
5.390000000000000000e+02 4.850000000000000000e+02
5.820000000000000000e+02 4.420000000000000000e+02
7.380000000000000000e+02 2.860000000000000000e+02
8.200000000000000000e+02 2.040000000000000000e+02
8.740000000000000000e+02 1.500000000000000000e+02
9.140000000000000000e+02 1.100000000000000000e+02
9.300000000000000000e+02 9.400000000000000000e+01
