1.356000000000000000e+03 6.920000000000000000e+02
1.373000000000000000e+03 6.750000000000000000e+02
1.362000000000000000e+03 6.860000000000000000e+02
1.367000000000000000e+03 6.810000000000000000e+02
1.351000000000000000e+03 6.970000000000000000e+02
1.333000000000000000e+03 7.150000000000000000e+02
1.336000000000000000e+03 7.120000000000000000e+02
1.288000000000000000e+03 7.600000000000000000e+02
1.297000000000000000e+03 7.510000000000000000e+02
1.241000000000000000e+03 8.070000000000000000e+02
1.258000000000000000e+03 7.900000000000000000e+02
1.191000000000000000e+03 8.570000000000000000e+02
1.171000000000000000e+03 8.770000000000000000e+02
1.119000000000000000e+03 9.290000000000000000e+02
1.153000000000000000e+03 8.950000000000000000e+02
1.036000000000000000e+03 1.012000000000000000e+03
1.010000000000000000e+03 1.038000000000000000e+03
9.750000000000000000e+02 1.073000000000000000e+03
9.230000000000000000e+02 1.125000000000000000e+03
8.460000000000000000e+02 1.202000000000000000e+03
8.660000000000000000e+02 1.182000000000000000e+03
8.100000000000000000e+02 1.238000000000000000e+03
7.830000000000000000e+02 1.265000000000000000e+03
7.560000000000000000e+02 1.292000000000000000e+03
7.740000000000000000e+02 1.274000000000000000e+03
7.390000000000000000e+02 1.309000000000000000e+03
7.020000000000000000e+02 1.346000000000000000e+03
7.520000000000000000e+02 1.296000000000000000e+03
7.870000000000000000e+02 1.261000000000000000e+03
7.870000000000000000e+02 1.261000000000000000e+03
7.560000000000000000e+02 1.292000000000000000e+03
7.680000000000000000e+02 1.280000000000000000e+03
7.490000000000000000e+02 1.299000000000000000e+03
7.820000000000000000e+02 1.266000000000000000e+03
8.900000000000000000e+02 1.158000000000000000e+03
8.910000000000000000e+02 1.157000000000000000e+03
8.700000000000000000e+02 1.178000000000000000e+03
9.540000000000000000e+02 1.094000000000000000e+03
9.870000000000000000e+02 1.061000000000000000e+03
1.026000000000000000e+03 1.022000000000000000e+03
1.090000000000000000e+03 9.580000000000000000e+02
1.145000000000000000e+03 9.030000000000000000e+02
1.161000000000000000e+03 8.870000000000000000e+02
1.197000000000000000e+03 8.510000000000000000e+02
1.215000000000000000e+03 8.330000000000000000e+02
1.282000000000000000e+03 7.660000000000000000e+02
1.276000000000000000e+03 7.720000000000000000e+02
1.319000000000000000e+03 7.290000000000000000e+02
1.316000000000000000e+03 7.320000000000000000e+02
1.375000000000000000e+03 6.730000000000000000e+02
