1.946000000000000000e+03 1.020000000000000000e+02
1.934000000000000000e+03 1.140000000000000000e+02
1.925000000000000000e+03 1.230000000000000000e+02
1.923000000000000000e+03 1.250000000000000000e+02
1.850000000000000000e+03 1.980000000000000000e+02
1.808000000000000000e+03 2.400000000000000000e+02
1.741000000000000000e+03 3.070000000000000000e+02
1.662000000000000000e+03 3.860000000000000000e+02
1.600000000000000000e+03 4.480000000000000000e+02
1.486000000000000000e+03 5.620000000000000000e+02
1.373000000000000000e+03 6.750000000000000000e+02
1.292000000000000000e+03 7.560000000000000000e+02
1.186000000000000000e+03 8.620000000000000000e+02
1.035000000000000000e+03 1.013000000000000000e+03
9.400000000000000000e+02 1.108000000000000000e+03
8.600000000000000000e+02 1.188000000000000000e+03
7.570000000000000000e+02 1.291000000000000000e+03
6.430000000000000000e+02 1.405000000000000000e+03
5.310000000000000000e+02 1.517000000000000000e+03
4.510000000000000000e+02 1.597000000000000000e+03
3.520000000000000000e+02 1.696000000000000000e+03
2.830000000000000000e+02 1.765000000000000000e+03
2.470000000000000000e+02 1.801000000000000000e+03
2.250000000000000000e+02 1.823000000000000000e+03
1.810000000000000000e+02 1.867000000000000000e+03
1.760000000000000000e+02 1.872000000000000000e+03
1.580000000000000000e+02 1.890000000000000000e+03
1.900000000000000000e+02 1.858000000000000000e+03
2.270000000000000000e+02 1.821000000000000000e+03
2.760000000000000000e+02 1.772000000000000000e+03
3.320000000000000000e+02 1.716000000000000000e+03
4.060000000000000000e+02 1.642000000000000000e+03
4.710000000000000000e+02 1.577000000000000000e+03
5.610000000000000000e+02 1.487000000000000000e+03
6.410000000000000000e+02 1.407000000000000000e+03
7.730000000000000000e+02 1.275000000000000000e+03
9.120000000000000000e+02 1.136000000000000000e+03
1.034000000000000000e+03 1.014000000000000000e+03
1.097000000000000000e+03 9.510000000000000000e+02
1.158000000000000000e+03 8.900000000000000000e+02
1.363000000000000000e+03 6.850000000000000000e+02
1.461000000000000000e+03 5.870000000000000000e+02
1.534000000000000000e+03 5.140000000000000000e+02
1.646000000000000000e+03 4.020000000000000000e+02
1.751000000000000000e+03 2.970000000000000000e+02
1.773000000000000000e+03 2.750000000000000000e+02
1.865000000000000000e+03 1.830000000000000000e+02
1.907000000000000000e+03 1.410000000000000000e+02
1.909000000000000000e+03 1.390000000000000000e+02
1.935000000000000000e+03 1.130000000000000000e+02
