1.812000000000000000e+03 2.360000000000000000e+02
1.821000000000000000e+03 2.270000000000000000e+02
1.831000000000000000e+03 2.170000000000000000e+02
1.808000000000000000e+03 2.400000000000000000e+02
1.784000000000000000e+03 2.640000000000000000e+02
1.739000000000000000e+03 3.090000000000000000e+02
1.675000000000000000e+03 3.730000000000000000e+02
1.584000000000000000e+03 4.640000000000000000e+02
1.555000000000000000e+03 4.930000000000000000e+02
1.469000000000000000e+03 5.790000000000000000e+02
1.373000000000000000e+03 6.750000000000000000e+02
1.221000000000000000e+03 8.270000000000000000e+02
1.193000000000000000e+03 8.550000000000000000e+02
1.057000000000000000e+03 9.910000000000000000e+02
9.920000000000000000e+02 1.056000000000000000e+03
8.340000000000000000e+02 1.214000000000000000e+03
7.970000000000000000e+02 1.251000000000000000e+03
6.800000000000000000e+02 1.368000000000000000e+03
6.280000000000000000e+02 1.420000000000000000e+03
5.280000000000000000e+02 1.520000000000000000e+03
4.310000000000000000e+02 1.617000000000000000e+03
3.730000000000000000e+02 1.675000000000000000e+03
3.630000000000000000e+02 1.685000000000000000e+03
3.290000000000000000e+02 1.719000000000000000e+03
3.240000000000000000e+02 1.724000000000000000e+03
2.710000000000000000e+02 1.777000000000000000e+03
2.170000000000000000e+02 1.831000000000000000e+03
2.690000000000000000e+02 1.779000000000000000e+03
3.100000000000000000e+02 1.738000000000000000e+03
3.480000000000000000e+02 1.700000000000000000e+03
3.700000000000000000e+02 1.678000000000000000e+03
4.830000000000000000e+02 1.565000000000000000e+03
5.520000000000000000e+02 1.496000000000000000e+03
6.120000000000000000e+02 1.436000000000000000e+03
6.990000000000000000e+02 1.349000000000000000e+03
8.100000000000000000e+02 1.238000000000000000e+03
9.110000000000000000e+02 1.137000000000000000e+03
1.005000000000000000e+03 1.043000000000000000e+03
1.066000000000000000e+03 9.820000000000000000e+02
1.197000000000000000e+03 8.510000000000000000e+02
1.330000000000000000e+03 7.180000000000000000e+02
1.366000000000000000e+03 6.820000000000000000e+02
1.446000000000000000e+03 6.020000000000000000e+02
1.546000000000000000e+03 5.020000000000000000e+02
1.600000000000000000e+03 4.480000000000000000e+02
1.702000000000000000e+03 3.460000000000000000e+02
1.737000000000000000e+03 3.110000000000000000e+02
1.813000000000000000e+03 2.350000000000000000e+02
1.848000000000000000e+03 2.000000000000000000e+02
1.823000000000000000e+03 2.250000000000000000e+02
