1.516000000000000000e+03 5.320000000000000000e+02
1.494000000000000000e+03 5.540000000000000000e+02
1.520000000000000000e+03 5.280000000000000000e+02
1.486000000000000000e+03 5.620000000000000000e+02
1.495000000000000000e+03 5.530000000000000000e+02
1.453000000000000000e+03 5.950000000000000000e+02
1.429000000000000000e+03 6.190000000000000000e+02
1.454000000000000000e+03 5.940000000000000000e+02
1.367000000000000000e+03 6.810000000000000000e+02
1.353000000000000000e+03 6.950000000000000000e+02
1.273000000000000000e+03 7.750000000000000000e+02
1.219000000000000000e+03 8.290000000000000000e+02
1.203000000000000000e+03 8.450000000000000000e+02
1.084000000000000000e+03 9.640000000000000000e+02
1.074000000000000000e+03 9.740000000000000000e+02
9.980000000000000000e+02 1.050000000000000000e+03
9.490000000000000000e+02 1.099000000000000000e+03
9.040000000000000000e+02 1.144000000000000000e+03
8.450000000000000000e+02 1.203000000000000000e+03
7.490000000000000000e+02 1.299000000000000000e+03
7.530000000000000000e+02 1.295000000000000000e+03
7.440000000000000000e+02 1.304000000000000000e+03
6.680000000000000000e+02 1.380000000000000000e+03
6.370000000000000000e+02 1.411000000000000000e+03
6.170000000000000000e+02 1.431000000000000000e+03
6.750000000000000000e+02 1.373000000000000000e+03
5.580000000000000000e+02 1.490000000000000000e+03
5.680000000000000000e+02 1.480000000000000000e+03
6.120000000000000000e+02 1.436000000000000000e+03
6.440000000000000000e+02 1.404000000000000000e+03
6.580000000000000000e+02 1.390000000000000000e+03
6.780000000000000000e+02 1.370000000000000000e+03
7.410000000000000000e+02 1.307000000000000000e+03
7.530000000000000000e+02 1.295000000000000000e+03
8.110000000000000000e+02 1.237000000000000000e+03
8.530000000000000000e+02 1.195000000000000000e+03
8.820000000000000000e+02 1.166000000000000000e+03
9.640000000000000000e+02 1.084000000000000000e+03
1.013000000000000000e+03 1.035000000000000000e+03
1.063000000000000000e+03 9.850000000000000000e+02
1.139000000000000000e+03 9.090000000000000000e+02
1.185000000000000000e+03 8.630000000000000000e+02
1.243000000000000000e+03 8.050000000000000000e+02
1.304000000000000000e+03 7.440000000000000000e+02
1.379000000000000000e+03 6.690000000000000000e+02
1.371000000000000000e+03 6.770000000000000000e+02
1.442000000000000000e+03 6.060000000000000000e+02
1.442000000000000000e+03 6.060000000000000000e+02
1.431000000000000000e+03 6.170000000000000000e+02
1.533000000000000000e+03 5.150000000000000000e+02
