1.886000000000000000e+03 1.620000000000000000e+02
1.891000000000000000e+03 1.570000000000000000e+02
1.916000000000000000e+03 1.320000000000000000e+02
1.872000000000000000e+03 1.760000000000000000e+02
1.835000000000000000e+03 2.130000000000000000e+02
1.784000000000000000e+03 2.640000000000000000e+02
1.721000000000000000e+03 3.270000000000000000e+02
1.655000000000000000e+03 3.930000000000000000e+02
1.544000000000000000e+03 5.040000000000000000e+02
1.483000000000000000e+03 5.650000000000000000e+02
1.400000000000000000e+03 6.480000000000000000e+02
1.276000000000000000e+03 7.720000000000000000e+02
1.168000000000000000e+03 8.800000000000000000e+02
1.064000000000000000e+03 9.840000000000000000e+02
9.400000000000000000e+02 1.108000000000000000e+03
8.450000000000000000e+02 1.203000000000000000e+03
7.670000000000000000e+02 1.281000000000000000e+03
6.310000000000000000e+02 1.417000000000000000e+03
5.630000000000000000e+02 1.485000000000000000e+03
4.560000000000000000e+02 1.592000000000000000e+03
3.890000000000000000e+02 1.659000000000000000e+03
3.410000000000000000e+02 1.707000000000000000e+03
2.950000000000000000e+02 1.753000000000000000e+03
2.500000000000000000e+02 1.798000000000000000e+03
2.280000000000000000e+02 1.820000000000000000e+03
1.990000000000000000e+02 1.849000000000000000e+03
2.000000000000000000e+02 1.848000000000000000e+03
2.160000000000000000e+02 1.832000000000000000e+03
2.340000000000000000e+02 1.814000000000000000e+03
2.980000000000000000e+02 1.750000000000000000e+03
3.710000000000000000e+02 1.677000000000000000e+03
4.560000000000000000e+02 1.592000000000000000e+03
5.300000000000000000e+02 1.518000000000000000e+03
5.850000000000000000e+02 1.463000000000000000e+03
6.870000000000000000e+02 1.361000000000000000e+03
8.000000000000000000e+02 1.248000000000000000e+03
9.150000000000000000e+02 1.133000000000000000e+03
9.770000000000000000e+02 1.071000000000000000e+03
1.128000000000000000e+03 9.200000000000000000e+02
1.219000000000000000e+03 8.290000000000000000e+02
1.340000000000000000e+03 7.080000000000000000e+02
1.439000000000000000e+03 6.090000000000000000e+02
1.493000000000000000e+03 5.550000000000000000e+02
1.602000000000000000e+03 4.460000000000000000e+02
1.672000000000000000e+03 3.760000000000000000e+02
1.748000000000000000e+03 3.000000000000000000e+02
1.824000000000000000e+03 2.240000000000000000e+02
1.834000000000000000e+03 2.140000000000000000e+02
1.878000000000000000e+03 1.700000000000000000e+02
1.900000000000000000e+03 1.480000000000000000e+02
