1.172000000000000000e+03 8.760000000000000000e+02
1.200000000000000000e+03 8.480000000000000000e+02
1.233000000000000000e+03 8.150000000000000000e+02
1.192000000000000000e+03 8.560000000000000000e+02
1.235000000000000000e+03 8.130000000000000000e+02
1.187000000000000000e+03 8.610000000000000000e+02
1.220000000000000000e+03 8.280000000000000000e+02
1.203000000000000000e+03 8.450000000000000000e+02
1.235000000000000000e+03 8.130000000000000000e+02
1.171000000000000000e+03 8.770000000000000000e+02
1.193000000000000000e+03 8.550000000000000000e+02
1.172000000000000000e+03 8.760000000000000000e+02
1.161000000000000000e+03 8.870000000000000000e+02
1.111000000000000000e+03 9.370000000000000000e+02
1.114000000000000000e+03 9.340000000000000000e+02
1.087000000000000000e+03 9.610000000000000000e+02
1.077000000000000000e+03 9.710000000000000000e+02
1.025000000000000000e+03 1.023000000000000000e+03
1.026000000000000000e+03 1.022000000000000000e+03
1.003000000000000000e+03 1.045000000000000000e+03
1.010000000000000000e+03 1.038000000000000000e+03
1.004000000000000000e+03 1.044000000000000000e+03
9.170000000000000000e+02 1.131000000000000000e+03
9.520000000000000000e+02 1.096000000000000000e+03
9.070000000000000000e+02 1.141000000000000000e+03
8.840000000000000000e+02 1.164000000000000000e+03
8.790000000000000000e+02 1.169000000000000000e+03
8.780000000000000000e+02 1.170000000000000000e+03
8.790000000000000000e+02 1.169000000000000000e+03
8.740000000000000000e+02 1.174000000000000000e+03
8.950000000000000000e+02 1.153000000000000000e+03
8.680000000000000000e+02 1.180000000000000000e+03
8.870000000000000000e+02 1.161000000000000000e+03
9.190000000000000000e+02 1.129000000000000000e+03
9.340000000000000000e+02 1.114000000000000000e+03
9.570000000000000000e+02 1.091000000000000000e+03
9.710000000000000000e+02 1.077000000000000000e+03
9.850000000000000000e+02 1.063000000000000000e+03
9.810000000000000000e+02 1.067000000000000000e+03
1.007000000000000000e+03 1.041000000000000000e+03
1.036000000000000000e+03 1.012000000000000000e+03
1.060000000000000000e+03 9.880000000000000000e+02
1.095000000000000000e+03 9.530000000000000000e+02
1.154000000000000000e+03 8.940000000000000000e+02
1.112000000000000000e+03 9.360000000000000000e+02
1.126000000000000000e+03 9.220000000000000000e+02
1.144000000000000000e+03 9.040000000000000000e+02
1.164000000000000000e+03 8.840000000000000000e+02
1.183000000000000000e+03 8.650000000000000000e+02
1.171000000000000000e+03 8.770000000000000000e+02
