1.100000000000000000e+03 9.480000000000000000e+02
1.040000000000000000e+03 1.008000000000000000e+03
1.086000000000000000e+03 9.620000000000000000e+02
1.116000000000000000e+03 9.320000000000000000e+02
1.129000000000000000e+03 9.190000000000000000e+02
1.100000000000000000e+03 9.480000000000000000e+02
1.119000000000000000e+03 9.290000000000000000e+02
1.151000000000000000e+03 8.970000000000000000e+02
1.161000000000000000e+03 8.870000000000000000e+02
1.112000000000000000e+03 9.360000000000000000e+02
1.149000000000000000e+03 8.990000000000000000e+02
1.191000000000000000e+03 8.570000000000000000e+02
1.143000000000000000e+03 9.050000000000000000e+02
1.168000000000000000e+03 8.800000000000000000e+02
1.157000000000000000e+03 8.910000000000000000e+02
1.121000000000000000e+03 9.270000000000000000e+02
1.167000000000000000e+03 8.810000000000000000e+02
1.107000000000000000e+03 9.410000000000000000e+02
1.111000000000000000e+03 9.370000000000000000e+02
1.118000000000000000e+03 9.300000000000000000e+02
1.119000000000000000e+03 9.290000000000000000e+02
1.057000000000000000e+03 9.910000000000000000e+02
1.095000000000000000e+03 9.530000000000000000e+02
1.063000000000000000e+03 9.850000000000000000e+02
1.075000000000000000e+03 9.730000000000000000e+02
1.028000000000000000e+03 1.020000000000000000e+03
1.011000000000000000e+03 1.037000000000000000e+03
1.019000000000000000e+03 1.029000000000000000e+03
9.950000000000000000e+02 1.053000000000000000e+03
1.016000000000000000e+03 1.032000000000000000e+03
1.021000000000000000e+03 1.027000000000000000e+03
9.840000000000000000e+02 1.064000000000000000e+03
9.360000000000000000e+02 1.112000000000000000e+03
9.460000000000000000e+02 1.102000000000000000e+03
9.660000000000000000e+02 1.082000000000000000e+03
9.580000000000000000e+02 1.090000000000000000e+03
9.260000000000000000e+02 1.122000000000000000e+03
9.550000000000000000e+02 1.093000000000000000e+03
9.400000000000000000e+02 1.108000000000000000e+03
9.700000000000000000e+02 1.078000000000000000e+03
9.460000000000000000e+02 1.102000000000000000e+03
9.750000000000000000e+02 1.073000000000000000e+03
9.960000000000000000e+02 1.052000000000000000e+03
9.780000000000000000e+02 1.070000000000000000e+03
9.750000000000000000e+02 1.073000000000000000e+03
1.036000000000000000e+03 1.012000000000000000e+03
1.000000000000000000e+03 1.048000000000000000e+03
1.039000000000000000e+03 1.009000000000000000e+03
1.018000000000000000e+03 1.030000000000000000e+03
1.100000000000000000e+03 9.480000000000000000e+02
