1.739000000000000000e+03 3.090000000000000000e+02
1.712000000000000000e+03 3.360000000000000000e+02
1.727000000000000000e+03 3.210000000000000000e+02
1.749000000000000000e+03 2.990000000000000000e+02
1.694000000000000000e+03 3.540000000000000000e+02
1.672000000000000000e+03 3.760000000000000000e+02
1.623000000000000000e+03 4.250000000000000000e+02
1.583000000000000000e+03 4.650000000000000000e+02
1.467000000000000000e+03 5.810000000000000000e+02
1.438000000000000000e+03 6.100000000000000000e+02
1.390000000000000000e+03 6.580000000000000000e+02
1.280000000000000000e+03 7.680000000000000000e+02
1.192000000000000000e+03 8.560000000000000000e+02
1.098000000000000000e+03 9.500000000000000000e+02
1.035000000000000000e+03 1.013000000000000000e+03
8.790000000000000000e+02 1.169000000000000000e+03
8.190000000000000000e+02 1.229000000000000000e+03
6.780000000000000000e+02 1.370000000000000000e+03
6.760000000000000000e+02 1.372000000000000000e+03
5.660000000000000000e+02 1.482000000000000000e+03
5.380000000000000000e+02 1.510000000000000000e+03
4.600000000000000000e+02 1.588000000000000000e+03
4.080000000000000000e+02 1.640000000000000000e+03
4.270000000000000000e+02 1.621000000000000000e+03
3.820000000000000000e+02 1.666000000000000000e+03
3.730000000000000000e+02 1.675000000000000000e+03
3.700000000000000000e+02 1.678000000000000000e+03
3.660000000000000000e+02 1.682000000000000000e+03
3.940000000000000000e+02 1.654000000000000000e+03
4.090000000000000000e+02 1.639000000000000000e+03
4.630000000000000000e+02 1.585000000000000000e+03
5.230000000000000000e+02 1.525000000000000000e+03
5.440000000000000000e+02 1.504000000000000000e+03
6.880000000000000000e+02 1.360000000000000000e+03
7.010000000000000000e+02 1.347000000000000000e+03
7.830000000000000000e+02 1.265000000000000000e+03
8.950000000000000000e+02 1.153000000000000000e+03
1.002000000000000000e+03 1.046000000000000000e+03
1.044000000000000000e+03 1.004000000000000000e+03
1.165000000000000000e+03 8.830000000000000000e+02
1.230000000000000000e+03 8.180000000000000000e+02
1.348000000000000000e+03 7.000000000000000000e+02
1.407000000000000000e+03 6.410000000000000000e+02
1.480000000000000000e+03 5.680000000000000000e+02
1.526000000000000000e+03 5.220000000000000000e+02
1.599000000000000000e+03 4.490000000000000000e+02
1.664000000000000000e+03 3.840000000000000000e+02
1.682000000000000000e+03 3.660000000000000000e+02
1.744000000000000000e+03 3.040000000000000000e+02
1.737000000000000000e+03 3.110000000000000000e+02
