1.640000000000000000e+03 4.080000000000000000e+02
1.637000000000000000e+03 4.110000000000000000e+02
1.647000000000000000e+03 4.010000000000000000e+02
1.623000000000000000e+03 4.250000000000000000e+02
1.586000000000000000e+03 4.620000000000000000e+02
1.578000000000000000e+03 4.700000000000000000e+02
1.559000000000000000e+03 4.890000000000000000e+02
1.480000000000000000e+03 5.680000000000000000e+02
1.479000000000000000e+03 5.690000000000000000e+02
1.428000000000000000e+03 6.200000000000000000e+02
1.320000000000000000e+03 7.280000000000000000e+02
1.233000000000000000e+03 8.150000000000000000e+02
1.165000000000000000e+03 8.830000000000000000e+02
1.125000000000000000e+03 9.230000000000000000e+02
1.019000000000000000e+03 1.029000000000000000e+03
9.440000000000000000e+02 1.104000000000000000e+03
8.890000000000000000e+02 1.159000000000000000e+03
8.000000000000000000e+02 1.248000000000000000e+03
7.500000000000000000e+02 1.298000000000000000e+03
6.930000000000000000e+02 1.355000000000000000e+03
6.120000000000000000e+02 1.436000000000000000e+03
5.880000000000000000e+02 1.460000000000000000e+03
5.630000000000000000e+02 1.485000000000000000e+03
5.060000000000000000e+02 1.542000000000000000e+03
4.840000000000000000e+02 1.564000000000000000e+03
4.680000000000000000e+02 1.580000000000000000e+03
4.330000000000000000e+02 1.615000000000000000e+03
4.970000000000000000e+02 1.551000000000000000e+03
4.860000000000000000e+02 1.562000000000000000e+03
4.940000000000000000e+02 1.554000000000000000e+03
5.330000000000000000e+02 1.515000000000000000e+03
5.940000000000000000e+02 1.454000000000000000e+03
6.080000000000000000e+02 1.440000000000000000e+03
7.100000000000000000e+02 1.338000000000000000e+03
7.400000000000000000e+02 1.308000000000000000e+03
8.460000000000000000e+02 1.202000000000000000e+03
8.880000000000000000e+02 1.160000000000000000e+03
9.860000000000000000e+02 1.062000000000000000e+03
1.035000000000000000e+03 1.013000000000000000e+03
1.093000000000000000e+03 9.550000000000000000e+02
1.193000000000000000e+03 8.550000000000000000e+02
1.290000000000000000e+03 7.580000000000000000e+02
1.302000000000000000e+03 7.460000000000000000e+02
1.377000000000000000e+03 6.710000000000000000e+02
1.512000000000000000e+03 5.360000000000000000e+02
1.522000000000000000e+03 5.260000000000000000e+02
1.521000000000000000e+03 5.270000000000000000e+02
1.570000000000000000e+03 4.780000000000000000e+02
1.595000000000000000e+03 4.530000000000000000e+02
1.651000000000000000e+03 3.970000000000000000e+02
