2.042000000000000000e+03 6.000000000000000000e+00
2.039000000000000000e+03 9.000000000000000000e+00
2.028000000000000000e+03 2.000000000000000000e+01
1.999000000000000000e+03 4.900000000000000000e+01
1.940000000000000000e+03 1.080000000000000000e+02
1.893000000000000000e+03 1.550000000000000000e+02
1.796000000000000000e+03 2.520000000000000000e+02
1.715000000000000000e+03 3.330000000000000000e+02
1.646000000000000000e+03 4.020000000000000000e+02
1.542000000000000000e+03 5.060000000000000000e+02
1.402000000000000000e+03 6.460000000000000000e+02
1.303000000000000000e+03 7.450000000000000000e+02
1.159000000000000000e+03 8.890000000000000000e+02
1.040000000000000000e+03 1.008000000000000000e+03
9.060000000000000000e+02 1.142000000000000000e+03
8.200000000000000000e+02 1.228000000000000000e+03
6.630000000000000000e+02 1.385000000000000000e+03
5.690000000000000000e+02 1.479000000000000000e+03
4.400000000000000000e+02 1.608000000000000000e+03
3.790000000000000000e+02 1.669000000000000000e+03
2.580000000000000000e+02 1.790000000000000000e+03
2.310000000000000000e+02 1.817000000000000000e+03
1.430000000000000000e+02 1.905000000000000000e+03
1.290000000000000000e+02 1.919000000000000000e+03
7.200000000000000000e+01 1.976000000000000000e+03
5.400000000000000000e+01 1.994000000000000000e+03
9.600000000000000000e+01 1.952000000000000000e+03
9.200000000000000000e+01 1.956000000000000000e+03
1.570000000000000000e+02 1.891000000000000000e+03
2.180000000000000000e+02 1.830000000000000000e+03
2.550000000000000000e+02 1.793000000000000000e+03
3.480000000000000000e+02 1.700000000000000000e+03
3.950000000000000000e+02 1.653000000000000000e+03
5.430000000000000000e+02 1.505000000000000000e+03
6.680000000000000000e+02 1.380000000000000000e+03
8.020000000000000000e+02 1.246000000000000000e+03
9.100000000000000000e+02 1.138000000000000000e+03
1.019000000000000000e+03 1.029000000000000000e+03
1.170000000000000000e+03 8.780000000000000000e+02
1.269000000000000000e+03 7.790000000000000000e+02
1.396000000000000000e+03 6.520000000000000000e+02
1.503000000000000000e+03 5.450000000000000000e+02
1.606000000000000000e+03 4.420000000000000000e+02
1.710000000000000000e+03 3.380000000000000000e+02
1.806000000000000000e+03 2.420000000000000000e+02
1.877000000000000000e+03 1.710000000000000000e+02
1.935000000000000000e+03 1.130000000000000000e+02
1.990000000000000000e+03 5.800000000000000000e+01
2.023000000000000000e+03 2.500000000000000000e+01
2.034000000000000000e+03 1.400000000000000000e+01
