2.044000000000000000e+03
2.042000000000000000e+03
2.040000000000000000e+03
2.033000000000000000e+03
2.025000000000000000e+03
2.008000000000000000e+03
2.003000000000000000e+03
1.981000000000000000e+03
1.951000000000000000e+03
1.937000000000000000e+03
1.894000000000000000e+03
1.852000000000000000e+03
1.838000000000000000e+03
1.780000000000000000e+03
1.724000000000000000e+03
1.704000000000000000e+03
1.613000000000000000e+03
1.595000000000000000e+03
1.530000000000000000e+03
1.467000000000000000e+03
1.430000000000000000e+03
1.348000000000000000e+03
1.295000000000000000e+03
1.235000000000000000e+03
1.182000000000000000e+03
1.125000000000000000e+03
9.880000000000000000e+02
9.590000000000000000e+02
9.010000000000000000e+02
8.760000000000000000e+02
7.960000000000000000e+02
7.160000000000000000e+02
6.950000000000000000e+02
6.180000000000000000e+02
5.840000000000000000e+02
5.060000000000000000e+02
4.610000000000000000e+02
4.370000000000000000e+02
3.700000000000000000e+02
3.340000000000000000e+02
3.010000000000000000e+02
2.460000000000000000e+02
2.170000000000000000e+02
1.910000000000000000e+02
1.630000000000000000e+02
1.230000000000000000e+02
1.070000000000000000e+02
9.300000000000000000e+01
7.600000000000000000e+01
7.000000000000000000e+01
8.200000000000000000e+01
6.100000000000000000e+01
5.400000000000000000e+01
6.400000000000000000e+01
7.300000000000000000e+01
1.090000000000000000e+02
1.290000000000000000e+02
1.500000000000000000e+02
1.950000000000000000e+02
2.110000000000000000e+02
2.430000000000000000e+02
2.860000000000000000e+02
3.040000000000000000e+02
3.850000000000000000e+02
4.240000000000000000e+02
4.720000000000000000e+02
5.000000000000000000e+02
5.360000000000000000e+02
6.340000000000000000e+02
6.960000000000000000e+02
7.580000000000000000e+02
7.630000000000000000e+02
8.060000000000000000e+02
9.250000000000000000e+02
9.750000000000000000e+02
1.008000000000000000e+03
1.096000000000000000e+03
1.162000000000000000e+03
1.200000000000000000e+03
1.304000000000000000e+03
1.337000000000000000e+03
1.368000000000000000e+03
1.446000000000000000e+03
1.509000000000000000e+03
1.587000000000000000e+03
1.623000000000000000e+03
1.701000000000000000e+03
1.712000000000000000e+03
1.755000000000000000e+03
1.843000000000000000e+03
1.844000000000000000e+03
1.871000000000000000e+03
1.917000000000000000e+03
1.935000000000000000e+03
1.958000000000000000e+03
1.987000000000000000e+03
2.002000000000000000e+03
2.021000000000000000e+03
2.038000000000000000e+03
2.040000000000000000e+03
