4.000000000000000000e+00
6.000000000000000000e+00
8.000000000000000000e+00
1.500000000000000000e+01
2.300000000000000000e+01
4.000000000000000000e+01
4.500000000000000000e+01
6.700000000000000000e+01
9.700000000000000000e+01
1.110000000000000000e+02
1.540000000000000000e+02
1.960000000000000000e+02
2.100000000000000000e+02
2.680000000000000000e+02
3.240000000000000000e+02
3.440000000000000000e+02
4.350000000000000000e+02
4.530000000000000000e+02
5.180000000000000000e+02
5.810000000000000000e+02
6.180000000000000000e+02
7.000000000000000000e+02
7.530000000000000000e+02
8.130000000000000000e+02
8.660000000000000000e+02
9.230000000000000000e+02
1.060000000000000000e+03
1.089000000000000000e+03
1.147000000000000000e+03
1.172000000000000000e+03
1.252000000000000000e+03
1.332000000000000000e+03
1.353000000000000000e+03
1.430000000000000000e+03
1.464000000000000000e+03
1.542000000000000000e+03
1.587000000000000000e+03
1.611000000000000000e+03
1.678000000000000000e+03
1.714000000000000000e+03
1.747000000000000000e+03
1.802000000000000000e+03
1.831000000000000000e+03
1.857000000000000000e+03
1.885000000000000000e+03
1.925000000000000000e+03
1.941000000000000000e+03
1.955000000000000000e+03
1.972000000000000000e+03
1.978000000000000000e+03
1.966000000000000000e+03
1.987000000000000000e+03
1.994000000000000000e+03
1.984000000000000000e+03
1.975000000000000000e+03
1.939000000000000000e+03
1.919000000000000000e+03
1.898000000000000000e+03
1.853000000000000000e+03
1.837000000000000000e+03
1.805000000000000000e+03
1.762000000000000000e+03
1.744000000000000000e+03
1.663000000000000000e+03
1.624000000000000000e+03
1.576000000000000000e+03
1.548000000000000000e+03
1.512000000000000000e+03
1.414000000000000000e+03
1.352000000000000000e+03
1.290000000000000000e+03
1.285000000000000000e+03
1.242000000000000000e+03
1.123000000000000000e+03
1.073000000000000000e+03
1.040000000000000000e+03
9.520000000000000000e+02
8.860000000000000000e+02
8.480000000000000000e+02
7.440000000000000000e+02
7.110000000000000000e+02
6.800000000000000000e+02
6.020000000000000000e+02
5.390000000000000000e+02
4.610000000000000000e+02
4.250000000000000000e+02
3.470000000000000000e+02
3.360000000000000000e+02
2.930000000000000000e+02
2.050000000000000000e+02
2.040000000000000000e+02
1.770000000000000000e+02
1.310000000000000000e+02
1.130000000000000000e+02
9.000000000000000000e+01
6.100000000000000000e+01
4.600000000000000000e+01
2.700000000000000000e+01
1.000000000000000000e+01
8.000000000000000000e+00
